15930047825780
81229997840250
60271217445447
23072868465203
84140738405209
18243250524410
13781249362070
36244384315825
67093473468248
20410794813499
59522819491684
18384395187954
41051564060690
47991263031708
62391464064706
87305940512314
64226252461941
28736833055875
77769064608651
68178183223706
93310926588504
89171713645791
77869840816561
80305591910639
25340733824463
43763127236469
56517912989388
66123109089196
46520768256632
39705544408368
53988765842678
7995428421560
56904974666905
85157570552949
36468753455516
44380355405373
49538063438032
60126493380495
25462695865955
44777367325837
89646720292889
92048085360535
79804488981568
90327720365465
60776085625796
76811443683570
77737626539837
84853572055587
61011518194562
91161206831574
44022344718808
98980843244843
73731767129505
31020737995584
35356668614838
12971305555851
84071479628252
27105670813285
8142155532248
45065401737453
94516692483150
55071934358544
75422706357809
66820455971252
99534920406362
49302498944505
21695856589215
68165696803955
35222963522254
7596083824523
9159687651220
83386557534026
20973062094776
18826518657477
38776456548244
68944473858896
57221017132825
94466633359854
89809744023312
61973862033722
83039965757761
8345445082695
34067557687098
52852188612984
80065688916818
31977318911610
52385651305378
56915499750916
54056682579030
28920725964869
51949135161176
12413592282905
38152144905
68667557422635
34584232101389
46998492428901
99529580575089
76208707543
46719938892459
14757718642543
53417538001940
92942493942497
27232414393378
48430913978835
44631261276549
31214804352643
64741435614300
42023018250179
33105831707087
1672484539940
1559730423534
48449265426600
35936649511203
4429310445768
91220826003485
36211160063603
10276581535623
73448146891707
93998189270195
91956867750590
15390339089757
96169357296982
36465087993831
53875179515561
78154514766075
25757508283952
75821261247329
5489288130111
81664182776597
96243071733848
80432067957335
23779937628132
39560875924554
84663626133972
342920267235
40739350760000
9396862346769
1134967390381
79890273782014
5204181475478
34774260973061
88484560575172
91060727911585
13435730971978
94015546783037
15192114983112
17469295112698
77525198507982
51683477660036
41106278774460
72300943056761
93397655784876
15024569200664
30978613281277
62566772865708
8487402435124
74352764546864
69090132626702
41929277947180
60222153002327
60804703006001
58448004999274
43112795560174
75026169451160
12163847021318
3211994834970
79211403279310
34069882831118
21757983414018
5784572918455
33492517837183
82007278730638
51462671760241
99760776700730
60956373556176
36385945845604
18928617455079
70615667251748
30686277669081
61832110434047
42490029297123
14715813804756
1715437497086
87219255756828
96973960569557
81499476097145
33569732709228
43142709519315
89562890905285
27596843818052
49951174621590
17935272078439
81230307533823
8208847622716
36559061204534
99523095920783
93908277521589
28884621970575
60274830259285
39364703142856
17224050720467
27493524756276
54626910282213
51326592412530
22078085382483
8379537339702
45231057691186
76226671721403
26363826174643
36212716667462
43028354194012
87679702645213
43967969570581
79911523876329
48927655881068
81050729405834
50008795542032
35268966917095
83403257081664
7741059477484
28749847241699
95938092202114
50082691129505
46657176411324
20884977410058
88724896050664
78386144286991
11476779154659
54237555537414
22643200894173
78673050395215
53903571201499
98258595230690
66436745788683
37591912720904
69226312929600
23013647946045
59841667263984
5051019131662
41866599241512
85468161507872
97061505554615
22929579460980
69312773715604
48276381014335
96655680663041
64692567330803
41352371863937
43475032951629
40692494194123
96565062492246
63852459344688
56834120315255
23295620304387
68557024896720
70472526361705
98076972066936
34159045275760
49969030405077
47215452505329
22053407008299
27349793301874
86606748659497
79107991826717
48107648355285
51254346972829
53855419121231
69339676661294
98787719438586
97106697040470
91443274601821
2190493035394
28347153691427
95394554826594
17031908141753
20722567287480
23440904735503
23225792485397
10517492626661
2249657786625
46299118723170
97006525825354
83991433281900
29011408996469
50963458617288
62998155325857
57339653432862
68220077344786
10372452132412
10597028946844
30550925853081
35329020227538
2132904191032
47680420058494
785276438287
29849106440412
77290697452995
41781084668789
80871406591971
30886199579822
52315422346682
70971515843933
4263653963369
18477695197915
80068138064941
25384776875916
79797794765793
16599724256104
5559083071603
58936171637788
1423184202711
57549459874941
11427303649281
92217776098727
18165400548664
90529637164414
28378002323222
73382343273871
9708473214878
35581183809674
89444777807569
86787408492359
59380212048337
51763599471825
31438006902723
6996205367975
72350940759847
25657347732032
64776400465912
5906900643440
36620918044485
93934292152627
75788488811919
47821031549731
22609005777595
70986808906791
73436243929458
93993611730252
25350455609561
55979419398222
12971998496618
71741829104682
25291308213096
1392429747780
54272577486643
19901577043939
72496716147700
70745902748695
95494651129304
90633471649512
61386768268564
76039716004176
5993507474771
58078734284044
21434232226244
15390828629928
62063201847607
92074656708748
97772944840194
34745644604058
48074850531904
51353501151730
91451595276900
22352582982879
77083198784886
75826594953657
8680216016268
75609281077409
69126198934784
37385191067705
73855642580058
54175244440030
93634955816880
89752572644068
69149943716599
49525635970397
61111331370085
7338400237018
96214034371230
32965207640348
21883234035098
89805126952840
63633053110199
99615583471215
1542296273055
92486133901864
26679243750387
64167579378700
58330029426272
17055828139912
85605815663122
33087414207313
83785804779351
67970532885034
99472376255086
91965814212268
35428603278026
34987964062442
23732755927191
67690205607131
51597946962966
27793084525382
32013611554209
28003398636825
4443576170972
9702438977349
14541593561076
61869792521445
18671041188054
71930599581439
36366412477031
23461693577233
49136503395393
45522881849396
48577261555746
94821992566559
78952426490885
42066577398934
46092453795206
53458234485687
5850920085872
85221330122193
3582402367764
17748090524659
43969518224409
46567752137179
85058179773879
65984353556975
28893558781238
7311852615864
5910548824099
84405223773752
69151847591749
65527522602394
26538266098768
2344272670316
35229365060953
80423498298452
5435619189624
94545180417554
29664971907988
20446505285773
59463525660880
44202081221009
33685270387406
20623461230377
9772169104805
23969582093802
19669887859965
16303713147921
79018417452473
18319287005322
5549757162654
53412123750247
23343683485331
5306532654527
25393391887224
45834234575300
79249984418565
29799080444718
67097773727012
26184569993804
76156097666379
20683123448431
10976399515705
81857613657424
91161040716826
99405934568497
27519538406241
25192662026651
85938043486602
41966839394163
93987554703541
41913192096186
52179621878905
41621050784478
1588355969745
86682620745675
8915779414592
93227190835800
62787699999378
28232465277406
82227710412532
59290528404296
99147289447231
58654356282200
65367106881398
45963516570438
96839851226561
31941589064180
13861107130365
43197690997594
76037946063618
71528624195017
22124084113950
50550998499922
38161277565436
36043157048151
99434064913249
66496512368508
89664220708413
97655326707481
53660641921431
27026684920643
17527662167015
78694771086988
79376502351054
56709703020162
19597654749078
27398105711598
8508906157862
19074232197958
77673134394479
37359715939426
16941255124413
47226406783154
95995737848919
83302209216671
86339749720014
9629269920883
71848297592142
79250281684789
50753329527671
35606074204469
8814152765067
87741008578551
57849096889243
37358522165264
17541465922666
37617438741656
39910239158889
52177020170790
45482381333428
2927207923054
79393382789149
71872124987447
50384817464906
56288907504986
70773209419411
2490200839515
98119265587271
6576250083672
45028110391258
8544485784521
91019271752315
74478270198792
1268357678510
53280439615758
70264621377936
41059693854145
94304882203610
63900518039574
95770279751275
27402516779745
15952530690870
89730523773927
39405564758447
15402555334973
95311719551255
5363594340902
77167742559066
12477971051213
87852302982657
71287737450603
80525033568335
73312826103371
12716771774596
91683836546454
75765468110573
11933824380916
73339444778484
32496140424827
44259757077603
59209530675299
95303714259283
19865661526395
61627432492787
59156443496061
28585468434546
2195871929511
17938324457310
32101018824829
36981011964138
27903611574255
67509159882482
13055575578101
7583250242688
19924739219908
91875201215313
10835088488045
55656948336965
23772667257307
51693793263597
22969929758021
18265378122445
59189969145467
87295071761805
46678716361421
72389844211185
53699764941569
13405583830721
12249221475213
43510557026422
18559236287178
65377495592359
11816263497320
83270562341620
11057141990178
10991225769215
5117322289815
31620975223274
63674022023499
14856452558102
64632346507135
7860372767357
11222276208021
38996868670623
12612268132319
97535153646308
60831094384510
60335266251274
41576466294056
11242010705842
95413212473052
78505302901019
85745462231566
386254227688
24617619092507
85423438389143
14508179552029
18378069718530
78779055636366
45915374080293
56620315533968
79720260137864
98239213734154
46967734985247
68635141791827
21867456638965
93256269982546
22965681370273
13274270572284
9156550581225
16191331127101
65053032179203
91017163783811
35343517736103
38182575765265
12891877041999
49299516706511
28579212682356
92624064078873
80460201043024
87131951351991
18739561964179
28370044311414
42646534014370
29643177868877
19947488020966
39273909312152
81555305926656
90302707556171
92705718515801
52523578077233
3424494150145
71499447124319
13352146894260
60460083089471
64671488092406
22993003820485
31360130651350
80635231559216
81485034278363
68616449099345
39845658853303
92383269526469
77644965533498
3299330017521
48835493722580
98671380025890
93081419760696
51601772147472
38406066668580
18337802416135
40692383653245
41624124623529
57917443114413
63955174006288
75027755560356
71230828889602
32133013364023
86081147283027
33646806989573
22745990906978
85683889690813
91382812300903
76354746687456
42749576805808
22745603393532
61906972379392
13523607040527
99994123796613
43073514556888
10862171963590
74953180154298
93676875897343
42085232336092
92129586056004
40816519037911
53504454576746
75684400957296
37924526831740
99091039667302
7099983533768
29491793550581
3433971484217
16972830950954
33598470156621
96638175081576
52501753591518
25035244515701
89453844419194
79268285135415
20026182257415
94000877274932
17472548582346
76835821160379
86436208924349
52174150519954
70257824926263
68848700193870
12841851826176
7379047770438
99877834192848
79352930566642
38439936861405
3696594546971
66915676287929
66995194170125
27642647722251
83684573034070
17868570363236
2661834966596
38656243918607
66399107821724
66044901007820
47424361227298
42806816983482
87722812742280
68923463646717
33986117221927
18782712138395
62003396137632
17348171043711
25931180274085
51008436099920
9119065426092
11254619232384
7063214894884
59492587898163
20212364484825
64396881010208
80605693953191
63587822428417
26510425791309
19668067556592
97946675933123
9249322343236
18361807459797
38716682248904
20624278538625
34222914191438
37652721168334
96583897377393
9478856031565
82722380506312
66286882217066
57961610059872
60792614728507
89440122365502
94642122893994
8685271041634
96258359797156
10557880440924
21500746609121
25894951775843
90221184667655
63770542756014
90299657549522
78690492596672
79363142502690
81534715534829
57002807476567
85742788808284
19901019453036
98536573739410
67624812808751
44175787472516
2348530975607
44347349018962
96781446164919
35886838502413
82007506289801
89365729091537
86082632825777
20489113295836
39016236137824
30342738435008
43897230814374
15889836527979
76551108545090
47204327720685
31692525460680
69941876774099
1850325486233
98075760572228
58598286815666
66296956535310
42898473883630
80741321443743
61338105764599
20262491318950
92489084092007
21193949739543
45934178743740
76429334264606
2907789520958
4797597670242
61067158290341
39734956999466
29979397257918
37632513584280
18523200262612
78684898957718
74116458670544
17436996330101
85491726523364
59621214691550
30600405285103
89794665802253
40570540614287
55883644866211
64198739173367
48270034389485
36791816763720
41687126396703
91650697678467
75666641809984
14382505237920
99467409703900
21488984704943
69156275872112
85405806544315
69524429131208
48148245053676
77090907674972
80479551870106
71999708184309
81191853009433
43735442320258
56468092238506
50618064948366
640277135046
73226989692810
19179723342476
40651547309397
25173110667563
22650524982039
34804630990408
48877922987940
59220188064452
27531677993783
90509386610858
51338488381693
12665258975383
80806862249271
44744904196713
60636083122730
20457414465908
8622607409945
28997017151732
33317527623771
97400090667491
70347604264372
16403831978068
89224909307193
68312893679605
72858370364595
76132219744958
61764359016890
22604120966731
11829325201774
5946426710278
49207312940469
11951153785267
49932822965327
16803099927609
67343954168066
38036622657279
43510650957992
66940799137563
35150365137788
9386088728193
65880459410980
8657769370940
13992593654089
39187465982882
47097380633126
33097081850687
69534773368729
27470508957330
4940634114548
59868722917378
42914350050305
13230448229498
71213081834573
83317870823243
82154489847570
62779010157410
53969930856056
99130026016569
48856752214776
99161695438410
80944679737066
44794951685390
25877738739615
25628361536787
59117002389951
95606491924473
28706286111158
65523233613578
27523535106519
72746734581590
85220875150958
40807664977102
88003713944770
91256252480575
26409253850163
27862735320156
90462822900821
4923342603968
14013104847917
52299532117885
56086699579688
21821382342693
60604245910064
97785147782688
68676102400708
72506906580139
77345525213823
99461116841393
50501117563633
95431773525990
24625785462971
87275923288105
96396632172706
66931753014913
22692849522509
57098162191774
9221241383682
70280477758909
47512153984952
76800772536269
76601923275491
81828031214174
23697471366991
99066591845242
31762553504175
75640610529646
34442886099046
2100332605855
22714473881326
97021713001656
84482887266880
9524728832766
59554520289895
12940987323818
50552444045204
49885976576984
38469758859168
66413537549284
18625644937875
30676418699544
71083167584636
80024578087690
4236929812404
33762103729636
61743282024879
3640918004094
94963169778295
80822291462816
56336610771837
45037476257965
27621837096906
67285706861321
45054008595406
90512972464286
91517459867764
76826699283689
93297586574700
